30
0 20 6
0 23 5
0 15 2
2 23 2
2 28 5
2 6 2
2 15 1
4 18 4
4 5 6
4 25 5
5 22 2
6 11 1
6 27 4
7 24 8
7 29 1
7 1 7
7 0 5
9 22 6
9 15 9
10 11 2
10 5 4
10 24 3
10 29 3
10 23 7
12 5 4
12 26 5
12 24 6
12 9 0
12 16 6
13 23 1
13 6 5
13 24 2
13 2 6
14 20 4
14 28 5
14 15 7
15 1 3
16 28 6
16 15 2
17 1 4
18 23 8
18 1 4
18 17 6
18 15 8
19 28 3
19 8 2
19 11 9
20 22 0
20 8 3
21 1 9
21 18 4
21 7 1
21 11 9
21 20 7
21 2 3
22 8 9
24 19 8
24 1 2
24 26 6
25 18 6
25 8 2
25 1 2
25 15 2
26 23 2
26 5 0
26 28 0
27 15 8
27 22 7
28 17 8
28 20 4
29 25 1
29 15 5
