80
0 20 0
4 40 1
4 48 4
4 57 1
5 36 1
5 35 1
5 17 1
6 74 9
6 60 9
7 51 7
8 35 7
9 18 3
10 48 8
10 68 3
10 63 2
11 74 3
11 54 1
13 24 9
14 52 7
14 18 8
16 2 4
19 74 0
21 54 7
23 36 1
25 36 2
25 35 4
27 65 2
27 61 8
28 42 7
29 39 1
30 48 1
31 29 6
33 46 4
33 9 1
33 0 4
33 3 9
33 44 3
34 4 9
35 15 5
37 74 0
38 45 1
38 20 6
38 42 0
38 73 1
38 16 0
39 72 0
39 21 6
41 53 9
43 44 1
45 64 9
46 0 8
49 17 2
50 15 4
51 23 0
53 10 5
53 12 4
53 74 0
55 75 5
55 49 8
55 26 1
55 18 4
55 42 9
56 24 0
56 21 3
56 71 4
56 27 0
56 54 7
56 43 6
57 15 0
58 47 9
58 72 4
58 71 3
58 32 5
60 9 5
60 54 0
61 11 8
61 39 8
62 60 3
63 18 9
66 54 2
67 47 8
68 42 8
68 21 1
69 30 1
69 64 2
69 36 4
69 60 3
75 11 1
76 3 1
76 59 1
76 5 5
77 29 5
77 48 8
77 43 0
77 21 5
77 75 6
77 63 8
79 11 2
79 68 2
79 52 5
