30
0 15 4
0 18 9
1 26 0
2 25 4
2 3 9
2 9 9
2 18 1
2 21 0
3 22 9
4 1 3
4 7 5
5 20 3
5 22 2
5 9 0
5 1 3
5 18 3
5 0 5
6 7 3
6 8 0
6 26 1
6 23 5
7 18 9
7 0 4
8 27 8
8 21 0
8 23 9
9 25 8
9 22 1
10 1 2
10 4 0
10 2 5
10 7 5
10 27 6
10 13 3
11 29 5
11 26 2
11 25 9
11 21 7
11 1 4
11 2 0
12 20 3
12 23 7
12 18 4
12 9 0
12 14 3
13 3 1
13 20 0
13 18 8
14 17 5
14 11 5
14 27 0
14 29 2
14 0 4
15 18 8
16 3 5
16 4 7
16 27 1
16 5 7
16 26 2
17 25 2
17 13 4
17 18 0
19 22 5
19 15 3
19 18 2
19 8 8
19 0 6
19 7 0
20 23 5
20 9 7
21 0 2
21 25 1
21 9 1
24 20 4
24 22 0
24 18 0
24 1 0
24 10 3
24 29 7
24 9 9
24 3 2
24 2 2
24 11 2
24 27 4
25 15 6
25 3 5
26 23 3
26 15 7
27 29 6
27 20 8
28 7 8
28 8 8
28 3 3
28 1 0
28 25 7
28 6 0
28 29 3
28 5 7
28 22 2
29 18 9
