60
0 16 2
0 3 8
1 18 0
1 28 5
1 33 7
1 12 3
2 20 2
2 41 2
2 45 5
2 4 2
3 8 7
3 52 2
4 6 2
5 39 4
5 6 4
8 7 9
8 37 9
8 25 5
8 20 6
10 40 9
10 18 2
11 38 0
11 58 9
11 37 3
12 45 9
12 15 1
12 22 6
14 9 3
14 15 5
15 53 3
16 5 5
16 40 3
17 41 1
17 40 1
18 13 9
19 22 9
19 55 3
19 58 1
19 6 7
19 20 7
19 31 2
20 27 2
21 20 3
21 32 4
22 7 4
22 18 7
23 1 3
23 43 7
23 46 3
23 37 7
24 31 9
24 55 9
28 26 5
28 45 0
29 57 0
29 37 3
29 12 0
30 27 9
30 13 9
31 55 9
31 40 6
32 48 7
34 25 7
35 53 0
35 25 1
35 26 3
36 48 4
36 47 6
37 20 4
37 7 1
42 38 1
43 4 6
44 13 3
44 37 2
45 51 2
45 48 8
45 18 7
45 35 1
47 26 5
50 27 1
51 24 2
53 39 6
53 55 4
53 7 6
54 28 2
54 11 9
54 41 7
56 53 9
56 14 7
56 29 2
57 22 5
57 10 8
57 36 8
57 58 7
57 32 1
58 6 3
59 50 3
59 37 8
59 42 8
59 27 2
