40
1 31 0
1 29 4
1 39 7
1 33 8
1 5 0
1 11 8
1 15 0
1 22 5
1 10 0
2 19 8
2 32 2
3 32 2
3 39 7
4 2 2
4 23 5
6 5 9
6 3 7
7 10 0
7 27 2
8 0 9
8 20 4
8 1 3
8 39 8
8 21 8
9 3 0
10 39 6
10 3 1
10 38 3
11 32 5
12 15 6
12 17 9
12 4 5
13 39 0
14 31 8
14 11 7
15 32 9
15 10 9
16 5 6
16 1 2
16 15 7
17 31 9
17 19 7
17 38 4
18 33 2
18 22 6
18 11 6
18 34 2
18 9 4
18 10 5
18 12 0
18 7 3
19 0 8
20 3 0
20 23 8
21 13 8
21 22 7
21 32 6
21 34 8
21 23 1
21 30 4
21 27 8
21 26 4
22 9 4
23 27 4
24 4 0
24 0 2
25 19 8
26 13 3
26 33 5
26 31 0
26 14 4
26 22 4
26 17 0
26 30 2
26 5 1
28 24 6
28 39 6
28 30 5
28 14 0
28 29 3
29 3 2
29 38 8
29 23 2
29 9 6
29 31 9
30 9 9
31 39 4
31 2 9
33 39 2
33 31 9
34 29 2
35 24 9
35 22 0
36 12 2
36 9 1
36 33 3
37 35 7
37 24 6
37 20 4
37 0 4
