50
0 11 7
0 39 5
1 13 8
1 11 0
3 38 1
5 17 7
5 14 0
7 42 8
7 41 6
7 22 2
9 36 2
9 6 3
9 14 0
9 1 9
10 19 8
10 46 1
13 33 8
13 28 6
15 38 2
15 11 8
15 43 3
16 6 2
16 43 8
17 42 2
18 19 9
18 6 0
18 42 8
18 4 6
18 2 4
19 36 8
19 42 2
19 38 0
19 4 0
20 15 3
20 6 8
20 9 9
20 38 7
21 3 3
22 19 7
22 11 6
23 3 6
23 27 7
23 0 7
24 3 2
25 33 3
25 42 6
26 8 7
26 6 5
26 4 6
26 0 1
26 24 0
27 6 7
27 13 7
27 46 5
27 2 2
29 18 7
29 43 9
30 25 2
30 42 8
30 27 0
31 44 4
31 33 0
31 28 4
31 27 4
32 7 4
32 13 0
32 34 5
34 33 9
34 26 3
34 42 9
34 39 0
34 14 3
35 49 4
36 33 5
36 8 5
37 14 8
37 2 5
37 1 5
38 2 7
39 38 8
39 4 2
40 13 3
40 35 5
40 29 5
41 11 4
41 42 8
43 42 2
43 3 6
44 28 5
45 42 0
45 26 2
45 2 6
47 38 2
47 10 5
47 17 6
47 16 9
47 21 2
47 24 4
47 7 3
49 2 9
