50
0 6 3
0 14 1
0 36 7
0 3 4
0 42 2
0 11 4
0 49 7
0 44 5
0 33 6
0 1 6
0 27 5
0 22 3
0 32 6
0 23 1
0 37 2
0 15 1
0 9 0
0 19 2
0 47 4
0 18 2
0 20 6
0 13 7
1 13 1
1 47 3
1 3 8
1 39 5
1 44 5
1 48 0
1 41 4
1 27 9
1 15 3
2 41 7
2 14 1
2 16 9
2 42 3
2 37 4
2 25 5
2 1 5
2 36 1
2 20 1
2 7 0
2 39 8
2 38 0
2 10 4
2 18 2
2 32 2
2 27 8
2 48 9
2 23 9
2 13 9
2 0 1
2 9 8
2 22 8
2 11 7
2 15 3
2 6 0
2 29 9
2 47 4
2 33 0
3 44 0
3 47 3
3 32 7
3 41 2
3 48 1
3 39 7
3 27 2
3 15 3
3 36 3
4 13 6
4 2 9
4 33 2
4 12 3
4 14 8
4 0 8
4 23 8
4 43 4
4 32 7
4 29 6
4 5 2
4 27 0
4 18 8
4 9 7
4 47 7
4 15 6
4 16 0
4 37 9
4 39 4
4 17 8
4 19 1
4 25 2
4 49 7
4 36 1
4 41 5
4 8 2
4 10 9
4 48 7
4 34 6
4 7 4
4 3 2
4 35 8
4 38 6
4 20 4
5 40 8
5 3 6
5 49 9
5 13 9
5 14 1
5 25 3
5 44 7
5 41 7
5 23 0
5 12 3
5 33 7
5 37 5
5 16 6
5 19 7
5 45 2
5 2 3
5 22 8
5 10 8
5 32 6
5 15 6
5 8 6
5 43 8
5 0 9
5 9 8
5 35 0
5 6 8
5 17 6
5 42 2
5 24 7
5 18 7
5 20 7
5 47 5
5 46 5
6 27 5
6 44 7
6 36 8
6 13 5
6 41 8
6 42 5
6 14 9
6 33 0
6 47 3
6 1 8
6 32 8
6 48 1
6 15 0
7 42 3
7 32 3
7 10 6
7 23 7
7 18 3
7 39 5
7 22 8
7 49 9
7 47 4
7 6 5
7 20 0
7 38 2
7 3 6
7 44 2
7 14 0
7 9 6
7 41 3
7 15 1
7 13 4
7 0 9
7 33 5
7 48 1
7 1 6
8 10 2
8 6 5
8 13 8
8 7 9
8 0 2
8 11 4
8 1 3
8 44 9
8 17 5
8 46 5
8 47 4
8 21 2
8 20 7
8 14 0
8 37 2
8 36 9
8 23 3
8 16 3
8 42 0
8 15 9
8 41 1
8 9 9
8 33 7
8 39 6
8 34 6
8 22 4
8 19 6
8 27 0
8 35 2
8 49 1
8 25 3
8 24 4
8 18 9
8 2 6
8 38 8
9 33 7
9 32 2
9 15 3
9 27 9
9 49 8
9 6 4
9 47 3
9 3 6
9 39 4
9 13 2
9 42 2
9 1 7
9 48 0
9 44 7
9 41 9
9 36 5
10 3 7
10 19 7
10 1 9
10 9 1
10 44 1
10 32 3
10 22 2
10 36 3
10 37 2
10 20 9
10 0 1
10 11 7
10 18 5
10 38 6
10 42 2
10 49 4
11 1 5
11 37 1
11 42 2
11 22 6
11 25 2
11 44 6
11 27 7
11 39 3
11 15 1
11 47 8
11 49 8
11 6 7
11 48 2
11 9 1
11 41 7
11 36 1
11 33 3
11 14 6
11 3 3
12 34 8
12 21 4
12 49 7
12 23 2
12 17 4
12 48 6
12 1 5
12 2 3
12 22 1
12 46 6
12 38 6
12 35 0
12 11 2
12 20 9
12 19 2
12 18 8
12 42 7
12 32 6
12 15 3
12 13 4
12 14 9
12 0 0
12 25 7
12 27 8
12 8 2
12 43 3
12 36 2
12 3 6
12 40 1
12 24 8
12 47 5
12 10 1
13 15 5
13 44 0
13 27 8
13 47 0
13 41 3
13 39 7
13 48 6
14 44 4
14 42 6
14 27 5
14 39 3
14 3 0
14 36 4
14 33 9
14 47 7
14 13 1
14 32 9
15 41 5
15 44 7
15 39 4
15 32 0
16 3 9
16 22 2
16 42 4
16 39 8
16 29 8
16 27 7
16 25 0
16 11 0
16 6 8
16 23 8
16 48 9
16 49 6
16 36 3
16 20 7
16 9 8
16 38 1
16 0 0
16 1 0
16 44 9
16 14 4
16 47 3
16 33 6
16 15 7
16 19 4
16 37 4
16 32 8
16 7 4
17 29 9
17 45 7
17 16 4
17 35 4
17 38 9
17 36 6
17 3 5
17 10 6
17 25 7
17 32 7
17 7 3
17 44 3
17 19 9
17 18 5
17 39 1
17 43 9
17 15 4
17 0 7
17 11 3
17 42 5
17 40 2
17 37 0
17 21 1
17 6 3
17 13 0
17 47 7
17 14 8
17 41 8
17 1 2
18 49 7
18 22 0
18 3 6
18 39 4
18 1 7
18 36 3
18 6 7
18 27 2
18 25 2
18 32 9
18 44 4
18 9 1
18 37 6
18 42 6
18 41 2
18 47 0
18 33 7
18 20 3
18 48 7
18 38 5
19 13 5
19 41 7
19 23 4
19 42 2
19 22 4
19 1 3
19 38 9
19 49 2
19 48 3
19 3 8
19 36 4
19 20 3
19 14 0
19 32 3
19 47 5
19 25 8
19 37 0
19 44 5
19 39 2
19 15 5
19 27 9
19 6 6
19 9 1
20 6 5
20 23 0
20 14 5
20 1 1
20 44 4
20 48 5
20 41 2
20 42 9
20 15 7
20 49 0
20 25 5
20 9 0
20 3 7
20 37 5
20 11 3
20 47 1
20 13 8
20 27 7
20 32 4
20 22 4
21 23 1
21 18 1
21 38 3
21 42 1
21 6 0
21 1 4
21 22 1
21 9 8
21 45 4
21 27 7
21 2 2
21 25 2
21 16 1
21 7 2
21 35 8
21 14 5
21 48 5
21 39 8
21 44 3
21 33 9
21 3 3
21 11 2
21 20 0
21 32 1
21 15 9
21 0 8
21 40 6
21 47 1
21 13 1
21 29 6
22 15 2
22 41 7
22 32 8
22 42 7
22 47 7
22 1 0
22 36 3
22 33 3
22 44 3
22 49 6
22 14 5
22 27 4
22 6 6
22 39 5
22 13 6
22 3 7
23 37 2
23 49 2
23 33 3
23 11 6
23 1 0
23 44 3
23 14 1
23 39 0
23 25 5
23 27 2
23 22 6
23 15 8
23 41 8
23 47 9
23 42 5
23 13 9
24 33 6
24 19 2
24 46 4
24 21 0
24 2 9
24 22 4
24 42 4
24 34 8
24 35 8
24 32 3
24 39 2
24 6 0
24 25 2
24 16 9
24 48 5
24 7 3
24 18 6
24 20 1
24 49 0
24 29 9
24 14 5
24 15 3
24 27 4
24 40 8
24 1 6
24 23 6
24 38 8
24 17 6
24 43 5
24 10 2
24 36 7
24 0 2
24 47 1
24 11 6
25 37 3
25 41 0
25 13 1
25 14 1
25 6 8
25 42 8
25 22 9
25 27 0
25 3 4
25 39 1
25 47 8
25 9 9
25 15 1
26 39 6
26 2 6
26 38 4
26 18 2
26 7 4
26 34 2
26 3 3
26 27 6
26 19 9
26 36 2
26 41 8
26 8 8
26 21 4
26 48 5
26 37 5
26 22 9
26 25 2
26 11 9
26 17 6
26 40 3
26 20 4
26 28 0
26 14 3
26 43 0
26 5 7
26 33 2
26 9 8
26 31 7
26 29 7
26 46 4
26 6 3
26 47 8
26 42 7
26 44 4
26 13 0
26 30 0
26 49 5
26 24 1
26 15 9
26 1 8
26 0 8
26 4 8
28 32 2
28 21 2
28 42 5
28 16 2
28 38 6
28 2 8
28 11 3
28 1 2
28 18 0
28 4 5
28 15 9
28 36 8
28 44 3
28 27 1
28 48 4
28 22 0
28 29 5
28 24 1
28 23 2
28 6 4
28 8 4
28 34 7
28 31 1
28 40 0
28 3 2
28 39 4
28 14 0
28 17 5
28 20 1
28 37 1
28 5 3
28 19 8
28 13 2
28 7 2
28 46 7
28 35 7
28 0 6
28 9 1
29 39 2
29 1 5
29 11 5
29 27 1
29 36 3
29 10 1
29 20 4
29 9 3
29 14 9
29 13 0
29 3 6
29 7 2
29 25 2
29 47 3
29 38 2
29 0 6
29 42 6
29 23 4
29 15 9
29 49 6
29 48 4
29 41 5
29 33 5
29 19 3
29 32 5
29 44 9
30 27 5
30 10 4
30 23 2
30 49 2
30 16 7
30 44 6
30 19 2
30 0 7
30 9 9
30 32 7
30 4 8
30 42 9
30 21 0
30 47 2
30 2 1
30 18 0
30 39 9
30 45 4
30 24 7
30 33 0
30 28 6
30 8 3
30 20 3
30 37 8
30 34 2
30 35 4
30 17 2
30 12 5
30 1 9
30 7 7
30 6 2
30 48 2
30 46 4
30 25 1
30 36 1
30 5 2
30 11 3
30 43 0
31 27 5
31 12 9
31 37 3
31 35 8
31 16 5
31 2 7
31 47 0
31 18 2
31 41 9
31 46 7
31 20 7
31 11 0
31 1 5
31 23 1
31 0 4
31 9 8
31 25 1
31 42 4
31 15 2
31 10 8
31 34 8
31 22 1
31 33 2
31 45 6
31 48 0
31 24 9
31 40 4
31 7 7
31 29 5
31 5 3
31 32 4
31 43 0
31 13 0
31 3 2
31 21 7
31 17 1
31 44 8
32 39 3
33 47 2
33 13 0
33 15 7
33 32 8
33 39 8
33 48 8
33 3 1
33 41 0
33 1 9
34 47 2
34 32 5
34 0 8
34 13 0
34 15 7
34 41 8
34 10 1
34 43 8
34 16 3
34 46 8
34 35 5
34 37 0
34 42 6
34 20 6
34 45 9
34 11 8
34 14 9
34 38 5
34 39 8
34 48 2
34 49 6
34 18 7
34 23 7
34 21 9
34 7 0
34 36 8
34 3 2
34 44 3
34 2 0
34 6 3
34 1 5
34 29 9
34 40 3
34 22 0
34 17 0
34 19 7
35 7 3
35 15 9
35 22 3
35 41 6
35 3 1
35 18 3
35 37 3
35 10 0
35 36 4
35 29 2
35 27 6
35 48 2
35 20 2
35 42 6
35 11 3
35 23 8
35 39 0
35 9 6
35 49 6
35 25 7
35 14 9
35 33 6
35 19 1
35 13 4
35 44 8
35 38 5
36 41 4
36 48 6
36 47 5
36 44 9
36 32 2
36 13 4
36 27 6
36 39 8
37 14 8
37 13 9
37 22 3
37 44 8
37 9 8
37 39 0
37 48 3
37 15 4
37 32 8
37 27 8
37 33 5
37 1 0
37 3 0
37 42 5
37 49 5
37 41 3
37 47 2
37 36 1
37 6 4
38 11 3
38 15 8
38 9 3
38 14 2
38 47 8
38 25 8
38 33 0
38 44 3
38 20 5
38 6 7
38 13 7
38 27 0
38 41 7
38 1 2
38 32 5
38 39 4
38 49 9
38 22 4
38 3 7
38 37 4
38 36 4
38 48 6
40 43 5
40 6 9
40 0 2
40 18 3
40 29 0
40 3 5
40 14 2
40 42 7
40 25 9
40 13 0
40 45 2
40 44 8
40 9 5
40 37 4
40 36 8
40 16 3
40 7 7
40 27 6
40 20 9
40 1 4
40 38 8
40 32 3
40 22 4
40 47 6
40 2 9
40 33 2
40 15 6
40 48 8
40 41 8
40 11 8
40 19 4
40 35 1
41 32 4
41 27 8
41 39 1
42 39 6
42 27 4
42 47 3
42 33 1
42 15 2
42 41 1
42 3 2
42 36 2
42 48 5
43 13 1
43 41 1
43 0 9
43 2 5
43 14 1
43 48 2
43 25 5
43 19 3
43 35 0
43 6 5
43 11 4
43 45 4
43 22 0
43 49 8
43 33 2
43 37 7
43 47 2
43 9 9
43 10 3
43 20 3
43 44 3
43 39 6
43 42 9
43 16 1
43 3 6
43 18 1
43 29 0
43 1 7
43 7 5
43 27 7
44 41 1
44 39 6
44 32 0
44 27 1
45 11 7
45 41 5
45 13 8
45 20 1
45 29 9
45 25 7
45 9 3
45 27 3
45 18 3
45 35 4
45 7 4
45 36 9
45 44 6
45 1 3
45 10 5
45 23 2
45 47 2
45 22 0
45 39 3
45 32 7
45 14 8
45 49 9
45 19 5
45 38 2
46 19 9
46 15 0
46 44 3
46 11 3
46 33 4
46 10 3
46 16 1
46 14 6
46 0 2
46 3 3
46 6 6
46 23 9
46 7 4
46 1 0
46 25 9
46 2 7
46 41 9
46 9 9
46 22 1
46 43 9
46 42 7
46 21 7
46 13 0
46 27 3
46 35 5
46 45 8
46 20 2
46 37 3
46 47 3
46 18 9
46 17 6
46 38 9
46 32 4
47 41 0
47 39 7
47 32 1
47 27 2
47 44 9
48 15 7
48 32 5
48 39 0
48 27 8
48 47 4
48 41 7
48 44 4
49 42 3
49 32 8
49 13 9
49 27 1
49 15 1
49 1 9
49 41 3
49 44 7
49 6 5
49 33 5
49 3 9
49 14 0
49 47 7
